scene_name=[basic_forms2]
camera=[-19, -2, -35, 0, -90, 0]
intensity=[0.6]
shadow=[no]
shine=[yes]
ambient_light=[-21, 7.0, 0.0, 0.0, 0.0, 0.0, 1.0, 1.0, 1.0]
light=[-8, 3.0, -9.0, 0.0, 0.0, 0.0, 1.0, 1.0, 1.0]
plane=[0, -6.0, 0.0, 0.0, 1.0, 0.0, 0.7, 0.7, 0.7]
plane=[0, 0.0, -70.0, 0.0, 0.0, 1.0, 0.0, 0.22857144, 1.0]
sphere=[-14, -5, -35, 2, 0.9714288, 0.14285801, 0.0]
sphere=[10, -5, -33, 2, 0.0, 0.8714285, 0.1285714]
cone=[1, -3.0, -36.0, -0.5735764, 0.8191521, 0.0, 4.0, 0.0, 0.9714288, 0.9571426, 0.0]
cylinder=[0, 1.0, -37.0, 0.7071069, 0.7071069, 0.0, 2.0, 0.0, 0.9714288, 0.5857144, 0.0]
