scene_name=[basic_forms]
camera=[0, 4, 0, -6, 2, 0]
intensity=[0.6]
shadow=[yes]
shine=[yes]
ambient_light=[-63, 32.0, -7.0, 0.0, 0.0, 0.0, 1.0, 1.0, 1.0]
light=[24, -4.0, -9.0, 0.0, 0.0, 0.0, 1.0, 1.0, 1.0]
plane=[0, -6.0, 0.0, 0.0, 1.0, 0.0, 0.7, 0.7, 0.7]
plane=[0, 0.0, -70.0, 0.0, 0.0, 1.0, 0.0, 0.22857144, 1.0]
sphere=[-9, -5, -35, 2, 0.9857141, 0.0, 0.0]
sphere=[5, -5, -35, 2, 0.32857128, 0.9857141, 0.0]
cone=[1, -3.0, -36.0, -0.5735764, 0.8191521, 0.0, 4.0, 0.0, 0.9714288, 0.9571426, 0.0]
cylinder=[0, 1.0, -37.0, 0.7071069, 0.7071069, 0.0, 2.0, 0.0, 0.9714288, 0.5857144, 0.0]
