scene_name=[circles]
camera=[-43, 57, 80, -28, -30, -10]
intensity=[0.5]
shadow=[yes]
shine=[yes]
ambient_light=[-40, 100.0, 2.0, 0.0, 0.0, 0.0, 1.0, 1.0, 1.0]
light=[40, 100.0, 2.0, 0.0, 0.0, 0.0, 1.0, 1.0, 1.0]
plane=[0, -5.0, 0.0, 0.0, 1.0, 0.0, 0.9, 0.9, 0.9]
sphere=[0, 25, -20, 3, 1.0, 0.4, 0.1]
sphere=[5, 25, -20, 3, 0.0, 0.3, 0.1]
sphere=[5, 25, 0, 3, 0.7, 0.5, 0.12309999]
sphere=[5, 25, 20, 3, 0.4, 1.0, 0.78]
sphere=[0, 25, 20, 3, 1.0, 0.0, 0.0]
sphere=[-5, 25, 20, 3, 0.0, 1.0, 1.0]
sphere=[-5, 25, 0, 3, 1.0, 1.0, 0.5]
sphere=[-5, 25, -20, 3, 0.0, 1.0, 0.0]
sphere=[0, 5, -20, 3, 1.0, 0.4, 0.1]
sphere=[5, 5, -20, 3, 0.0, 0.3, 0.1]
sphere=[5, 5, 0, 3, 0.7, 0.5, 0.12309999]
sphere=[5, 5, 20, 3, 0.4, 1.0, 0.78]
sphere=[0, 5, 20, 3, 1.0, 0.0, 0.0]
sphere=[-5, 5, 20, 3, 0.0, 1.0, 1.0]
sphere=[-5, 5, 0, 3, 1.0, 1.0, 0.5]
sphere=[-5, 5, -20, 3, 0.0, 1.0, 0.0]
