scene_name=[hyperboloid]
camera=[0, 0, -1, 2, 0, 0]
intensity=[0.5]
shadow=[yes]
shine=[yes]
ambient_light=[-5, 5.0, 10.0, 0.0, 0.0, 0.0, 1.0, 1.0, 1.0]
light=[5, 5.0, 10.0, 0.0, 0.0, 0.0, 1.0, 1.0, 1.0]
plane=[0, -3.0, 0.0, 0.0, 1.0, 0.0, 0.9, 0.9, 1.0]
sphere=[4, 1, -21, 2, 0.6248493, 0.3857143, 0.0]
cone=[-5, 0.0, -20.0, 0.6893665, 0.4264627, 0.5855796, 3.0, 5.0, 0.0, 0.934693, 0.38350204]
cylinder=[0, -6.0, -17.0, 0.0, 1.0, 0.0, 1.0, 5.0, 0.0, 0.5901086, 0.9554089]
hyperboloid=[0, 0.0, -24.0, 0.0, 1.0, 0.0, 1.0, 0.0, 0.22857144, 1.0]
