scene_name=[reflection]
camera=[-8, 12, 26, -14, -8, 0]
intensity=[0.5]
shadow=[yes]
shine=[yes]
ambient_light=[0, 10.0, 0.0, 0.0, 0.0, 0.0, 1.0, 1.0, 1.0]
light=[5, 10.0, 0.0, 0.0, 0.0, 0.0, 1.0, 1.0, 1.0]
sphere=[-2, -2, -25, 2, 0.15371998, 0.57165476, 0.8024057]
sphere=[-5, 3, -32, 2, 0.8979141, 0.24458622, 0.7606172]
sphere=[11, 1, -46, 7, 0.5857144, 0.1142857, 0.0]
cylinder=[0, -6.0, -23.0, 0.0, 1.0, 0.0, 18.0, 1.0, 0.0, 0.9714286, 0.68571424]
cylinder=[-9, 3.0, -32.0, 0.3850216, -0.40349696, 0.8300293, 8.0, 1.0, 1.0, 0.59999996, 0.0]
cylinder=[13, 0.0, -53.0, -0.5966752, -0.18163572, 0.78165696, 18.0, 1.0, 0.0, 0.22857144, 0.8571428]
cone=[15, 0.0, -24.0, -0.9556505, -0.22017678, 0.1955858, 7.0, 5.0, 0.0, 0.8714286, 0.9142856]
